88888888888888888888888
80000000000000800000008
80000000000000800000008
80000000000000800000008
80000000000000800000008
80000000000000800000008888888888888888
80000000000000800000000000000000000000
80000000000000800000000000000000000000
80000000000000800000000000000000000000
80000000000000800000000000000000000000
80000000000000800000000000000000000000
80000000000000800000000000000000000000
80000000000000000000000000000000000000
7000000000000000000000000000000000000
600000000000000000000000000000000000
50000000000000000000000000000000000
4000000000000000000000000000000000
300000000000000000000000000000000
20000000000000000000000000000000
1000000000000000000000000000000
000000000000000000000000000000